 -0.157424339400636     
  0.838975322588800     
  -1.23051967553400     
  0.935025526518937     
 -0.424663252061108     
  0.259005329778037     
  -2.49772060131056     
   2.67285485995718     
  -2.08692568701639     
 -5.220327272817413E-002
   9.81354168240677     
  0.924387879573273     
   1.18904776395497     
 -0.144505924876106     
  -5.30634473379598     
  -2.12462207162733     
   5.86245503312777     
   2.10585735939233     
   2.59620473824362     
  -1.07167814767723     
   2.21542444907765     
  -1.24615937447545     
  0.528251659037348     
  -1.31767708882496     
 -0.823154996095161     
  -1.69084995802999     
  -1.93266397929085     
 -0.353674651636968     
  -1.76731407860263     
   4.91117154975444     
 -0.498290344420283     
  -22.3262324539114     
  -22.6667010667550     
  -2.57909412960852     
  -1.15984338380868     
   1.65218569120005     
   2.05976358348354     
   20.7480262009425     
   10.0365031477761     
   14.0495380212603     
  -23.8389897593369     
  -11.0724856425255     
  -30.4436794847437     
   9.15551724127798     
   1.47904171604753     
  -14.6595963611691     
  -10.9119941124425     
  -10.9503209449959     
  -26.5711519598548     
   13.5590316944244     
  -13.7477861168965     
   22.2217891571181     
   36.9090024057562     
  -5.94881854121527     
   10.9108706326819     
   2.76879627959687     
  -3.44824889191063     
   1.79439295289413     
 -0.155099771758625     
   28.7607603699959     
 -0.172590591642226     
  -1.26606062842982     
  6.562609746190295E-002
  -12.3933556716450     
   1.30545888723853     
   10.1568627418074     
   12.2135231804294     
  -1.98078376418108     
   1.68434873685560     
  -1.34881352596117     
 -0.599622867942228     
  0.967532790212523     
  0.181231875437578     
   6.35272264180029     
   12.6926113808044     
 -0.433037100020819     
 -0.134519264782670     
 -0.999073625256706     
  0.423667399458744     
   9.59784694420674     
   8.58167346886884     
   4.04347454713857     
   12.5384899767314     
  -3.91309300038768     
  -3.66207531437846     
   8.90104070679309     
  -1.99414249666358     
  -9.22375473966341     
  -1.85499001542039     
  0.764680311976106     
  0.765948765196016     
  -13.9723174015365     
  -4.32061417847083     
  0.890846563790715     
  -1.03392620510793     
  0.702283460773492     
 -0.400046612529271     
   1.00227266448029     
   1.31554413222297     
  -8.80097997679523     
  0.653576021074546     
  6.933500634816481E-002
  0.768553738559133     
   26.8132691323473     
   15.0282029615712     
  0.110371225410117     
  -11.8157115747954     
   10.4185721949446     
  -30.0195377782694     
  -12.5106390548421     
   8.96613737314547     
   20.8673996361697     
  -8.49743204411663     
   19.6932149783104     
   9.16478333476733     
  -7.56578801028838     
   25.0372779401771     
  -5.64056171063507     
   19.0737037450635     
  -5.66637182724564     
   14.1532382798472     
   7.90184911802672     
   13.4980169424438     
   80.7807153550734     
  -15.8440060910077     
  -5.15103812820239     
  -6.50666837020274     
  -19.6425600492778     
   11.9619557945920     
  -10.7711524796263     
  -15.8385420040752     
  -11.0139474862001     
   3.54248797779903     
  -4.82280867953227     
   10.5859882823588     
   30.9783875210281     
  -71.9695135105925     
  0.496872257031093     
  -11.4261682283810     
  -14.8300048786005     
  0.513284654164641     
   3.02578881856631     
  -1.38072053594894     
   1.47461842320975     
   4.02934069905015     
   2.85542238461751     
  0.131783504873869     
 -0.578960877206358     
  0.296040468739991     
   4.24388248015361     
  -4.80814385168485     
  0.674662952203051     
  0.284490197816368     
  -1.66105792695668     
  -9.64107345671664     
   2.24204715815265     
   2.92940680172830     
  -4.27376833771846     
   6.17780805035553     
 -0.787237780913788     
   5.99400104805492     
 -0.122598524349190     
  -2.18321358703386     
 -0.158657581681270     
   2.55093196613824     
  -6.53950775024053     
   3.35076310733574     
  0.828867933917814     
 -0.760645525904465     
   1.29872096941576     
  -2.11597852756838     
  0.542802393595767     
  -1.40655494155777     
  -7.11074555933284     
   20.9510851507235     
  -11.3195615869258     
  -6.10238365187079     
   3.30920975854052     
  -2.86305357486781     
 -6.043871483998098E-003
   2.37525806120578     
   2.25944329063727     
  -3.23918069017266     
  -2.01527798803759     
   2.41875730523982     
   2.95878333714760     
   3.43510893075857     
  -7.96373398745802     
   3.28184694054590     
  -12.2787841735523     
  -1.78653227489010     
  -10.1630982663035     
   16.9326817493728     
   3.08155753944590     
   6.82662733143210     
  -12.2555869829615     
  -4.92112570019153     
  -4.71715730926293     
   9.11922999316441     
   8.23806804482985     
  -4.20948272821465     
  -14.8051644614311     
  0.968217411624369     
  -13.1089385615943     
   8.54002476921044     
  -21.3038417253657     
   10.3069869589605     
  -12.1575298573217     
  -26.3624829793579     
  -25.0881705368319     
  -8.56093651223896     
   5.21172795870709     
  -8.59578428166150     
   1.84188869474943     
  -6.42740432027249     
   15.6569227411988     
  4.607485469907058E-002
  -4.33930646531759     
  -10.8078548007025     
  -23.2127241814815     
   6.80489606674422     
   4.82703577241247     
  -5.70793440384963     
  -3.92641836689455     
   5.88518801545869     
   12.8625136563571     
   10.1316185526507     
  -1.32708924984855     
   6.51523943492982     
  -13.2838918633648     
   20.9046860080894     
  -2.26705951424623     
   5.83745681631111     
  -1.94148041529413     
  -15.9421513983522     
   21.8529938760968     
  -5.08976309694785     
   8.57769461295729     
  -1.23790190430229     
   2.42906250526100     
  -1.06132286416909     
  -1.09331065449554     
 -0.999190294434693     
  -2.33359134076357     
  -1.15019795827880     
  -7.89954471962845     
  0.100691499050896     
  0.653790984138983     
 -3.943916700742928E-002
   2.76120917423396     
  -5.36705161046278     
   4.44174607518568     
  -2.21896749268737     
  -1.83014098666567     
 -0.959036473202431     
  -1.74195438359332     
 -0.395312342242611     
 -0.501875229683380     
  0.133678411039349     
 -0.906161116054362     
 -0.186463858134178     
 -0.671251111367986     
 -0.396885670404304     
  -28.3245541507726     
  0.339757360800657     
  0.521951626307091     
  1.698267136695697E-002
   10.9637391684599     
 -0.701169722372880     
  -7.19255895802106     
  -10.4586506621329     
  0.629114690958186     
  3.616303299027601E-002
 -0.279467757803210     
  0.163608004160426     
 -0.174051048709773     
  0.880910547220608     
  0.298075228695300     
   1.75734600760969     
   5.18880926319188     
  -12.8951384029913     
  -44.6758032030425     
   4.54192075214708     
   4.94236024480863     
   34.5498295182176     
 -0.355290989492077     
  0.279559539188774     
 -0.585064638650616     
  -1.70003840819459     
   2.17384980815860     
  -1.37846272953904     
  -2.25124975584896     
   4.08126543197798     
 -0.988585980665511     
   1.82359619302153     
  -1.43719704468096     
   20.0487769514455     
  -8.40755101140033     
  -6.30580525163726     
  -2.85447506318016     
   3.87318462242922     
   4.89385779634786     
 -0.253220852855815     
  -4.74793093913033     
  -15.5547169864724     
   1.32550751521238     
 -0.512827172995660     
 -0.541936629112513     
   7.56758096264755     
   1.35667932512902     
 -0.108901375953218     
  0.978298030932661     
   12.9807863934230     
   3.56110865882952     
 -0.118076191859072     
  0.292950978638289     
  0.163629693571797     
 -6.388600451874638E-002
 -0.260289484883233     
  -1.31066750270271     
  -7.36732907518644     
   4.24616800717214     
 -2.286576021627987E-002
